1.000000e-02 nan nan 2.000000e-02
1.980000e-02 nan nan 3.960000e-02
2.940000e-02 nan nan 5.880000e-02
3.880000e-02 nan nan 7.760000e-02
4.800000e-02 nan nan 9.600000e-02
5.700000e-02 nan nan 1.140000e-01
6.580000e-02 nan nan 1.316000e-01
7.440000e-02 nan nan 1.488000e-01
8.280000e-02 nan nan 1.656000e-01
9.100000e-02 nan nan 1.820000e-01
9.900000e-02 nan nan 1.980000e-01
1.068000e-01 nan nan 2.136000e-01
1.144000e-01 nan nan 2.288000e-01
1.218000e-01 nan nan 2.436000e-01
1.290000e-01 nan nan 2.580000e-01
1.360000e-01 nan nan 2.720000e-01
1.428000e-01 nan nan 2.856000e-01
1.494000e-01 nan nan 2.988000e-01
1.558000e-01 nan nan 3.116000e-01
1.620000e-01 nan nan 3.240000e-01
1.680000e-01 nan nan 3.360000e-01
1.738000e-01 nan nan 3.476000e-01
1.794000e-01 nan nan 3.588000e-01
1.848000e-01 nan nan 3.696000e-01
1.900000e-01 nan nan 3.800000e-01
1.950000e-01 nan nan 3.900000e-01
1.998000e-01 nan nan 3.996000e-01
2.044000e-01 nan nan 4.088000e-01
2.088000e-01 nan nan 4.176000e-01
2.130000e-01 nan nan 4.260000e-01
2.170000e-01 nan nan 4.340000e-01
2.208000e-01 nan nan 4.416000e-01
2.244000e-01 nan nan 4.488000e-01
2.278000e-01 nan nan 4.556000e-01
2.310000e-01 nan nan 4.620000e-01
2.340000e-01 nan nan 4.680000e-01
2.368000e-01 nan nan 4.736000e-01
2.394000e-01 nan nan 4.788000e-01
2.418000e-01 nan nan 4.836000e-01
2.440000e-01 nan nan 4.880000e-01
2.460000e-01 nan nan 4.920000e-01
2.478000e-01 nan nan 4.956000e-01
2.494000e-01 nan nan 4.988000e-01
2.508000e-01 nan nan 5.016000e-01
2.520000e-01 nan nan 5.040000e-01
2.530000e-01 nan nan 5.060000e-01
2.538000e-01 nan nan 5.076000e-01
2.544000e-01 nan nan 5.088000e-01
2.548000e-01 nan nan 5.096000e-01
2.550000e-01 nan nan 5.100000e-01
2.550000e-01 nan nan 5.100000e-01
2.548000e-01 nan nan 5.096000e-01
2.544000e-01 nan nan 5.088000e-01
2.538000e-01 nan nan 5.076000e-01
2.530000e-01 nan nan 5.060000e-01
2.520000e-01 nan nan 5.040000e-01
2.508000e-01 nan nan 5.016000e-01
2.494000e-01 nan nan 4.988000e-01
2.478000e-01 nan nan 4.956000e-01
2.460000e-01 nan nan 4.920000e-01
2.440000e-01 nan nan 4.880000e-01
2.418000e-01 nan nan 4.836000e-01
2.394000e-01 nan nan 4.788000e-01
2.368000e-01 nan nan 4.736000e-01
2.340000e-01 nan nan 4.680000e-01
2.310000e-01 nan nan 4.620000e-01
2.278000e-01 nan nan 4.556000e-01
2.244000e-01 nan nan 4.488000e-01
2.208000e-01 nan nan 4.416000e-01
2.170000e-01 nan nan 4.340000e-01
2.130000e-01 nan nan 4.260000e-01
2.088000e-01 nan nan 4.176000e-01
2.044000e-01 nan nan 4.088000e-01
1.998000e-01 nan nan 3.996000e-01
1.950000e-01 nan nan 3.900000e-01
1.900000e-01 nan nan 3.800000e-01
1.848000e-01 nan nan 3.696000e-01
1.794000e-01 nan nan 3.588000e-01
1.738000e-01 nan nan 3.476000e-01
1.680000e-01 nan nan 3.360000e-01
1.620000e-01 nan nan 3.240000e-01
1.558000e-01 nan nan 3.116000e-01
1.494000e-01 nan nan 2.988000e-01
1.428000e-01 nan nan 2.856000e-01
1.360000e-01 nan nan 2.720000e-01
1.290000e-01 nan nan 2.580000e-01
1.218000e-01 nan nan 2.436000e-01
1.144000e-01 nan nan 2.288000e-01
1.068000e-01 nan nan 2.136000e-01
9.900000e-02 nan nan 1.980000e-01
9.100000e-02 nan nan 1.820000e-01
8.280000e-02 nan nan 1.656000e-01
7.440000e-02 nan nan 1.488000e-01
6.580000e-02 nan nan 1.316000e-01
5.700000e-02 nan nan 1.140000e-01
4.800000e-02 nan nan 9.600000e-02
3.880000e-02 nan nan 7.760000e-02
2.940000e-02 nan nan 5.880000e-02
1.980000e-02 nan nan 3.960000e-02
1.000000e-02 nan nan 2.000000e-02
