1.000000e-02 3.652121e-03 3.145213e-03
1.980000e-02 1.372095e-02 8.546267e-03
2.940000e-02 2.394083e-02 1.366043e-02
3.880000e-02 3.419351e-02 1.873619e-02
4.800000e-02 4.458502e-02 2.380960e-02
5.700000e-02 5.501896e-02 2.888947e-02
6.580000e-02 6.558699e-02 3.397829e-02
7.440000e-02 7.654579e-02 3.907830e-02
8.280000e-02 8.701687e-02 4.419127e-02
9.100000e-02 9.842564e-02 4.931806e-02
9.900000e-02 1.095101e-01 5.445891e-02
1.068000e-01 1.207163e-01 5.961400e-02
1.144000e-01 1.318962e-01 6.478361e-02
1.218000e-01 1.440556e-01 6.996801e-02
1.290000e-01 1.562059e-01 7.516728e-02
1.360000e-01 1.692329e-01 8.038134e-02
1.428000e-01 1.808250e-01 8.561014e-02
1.494000e-01 1.940469e-01 9.085392e-02
1.558000e-01 2.087753e-01 9.611338e-02
1.620000e-01 2.197147e-01 1.013898e-01
1.680000e-01 2.342730e-01 1.066846e-01
1.738000e-01 2.494663e-01 1.119997e-01
1.794000e-01 2.645511e-01 1.173365e-01
1.848000e-01 2.791100e-01 1.226963e-01
1.900000e-01 2.977161e-01 1.280800e-01
1.950000e-01 3.286603e-01 1.334880e-01
1.998000e-01 3.339373e-01 1.389203e-01
2.044000e-01 3.571850e-01 1.443768e-01
2.088000e-01 3.780552e-01 1.498572e-01
2.130000e-01 4.009322e-01 1.553612e-01
2.170000e-01 4.286633e-01 1.608886e-01
2.208000e-01 4.616335e-01 1.664395e-01
2.244000e-01 4.933601e-01 1.720139e-01
2.278000e-01 5.390233e-01 1.776125e-01
2.310000e-01 5.710812e-01 1.832362e-01
2.340000e-01 5.867676e-01 1.888862e-01
2.368000e-01 6.022128e-01 1.945642e-01
2.394000e-01 6.334050e-01 2.002723e-01
2.418000e-01 6.658116e-01 2.060131e-01
2.440000e-01 6.480976e-01 2.117892e-01
2.460000e-01 6.669684e-01 2.176034e-01
2.478000e-01 6.440097e-01 2.234586e-01
2.494000e-01 6.324346e-01 2.293574e-01
2.508000e-01 6.298462e-01 2.353020e-01
2.520000e-01 6.078817e-01 2.412942e-01
2.530000e-01 6.043272e-01 2.473350e-01
2.538000e-01 5.909788e-01 2.534250e-01
2.544000e-01 5.726642e-01 2.595639e-01
2.548000e-01 5.660720e-01 2.657511e-01
2.550000e-01 5.518204e-01 2.719852e-01
2.550000e-01 5.521822e-01 2.782650e-01
2.548000e-01 5.360315e-01 2.845889e-01
2.544000e-01 5.231951e-01 2.909553e-01
2.538000e-01 5.056311e-01 2.973632e-01
2.530000e-01 5.150098e-01 3.038116e-01
2.520000e-01 4.694112e-01 3.103001e-01
2.508000e-01 4.704551e-01 3.168290e-01
2.494000e-01 4.696176e-01 3.233986e-01
2.478000e-01 4.614078e-01 3.300100e-01
2.460000e-01 4.471627e-01 3.366645e-01
2.440000e-01 4.210369e-01 3.433636e-01
2.418000e-01 4.195578e-01 3.501088e-01
2.394000e-01 4.054041e-01 3.569015e-01
2.368000e-01 3.907908e-01 3.637432e-01
2.340000e-01 3.813321e-01 3.706347e-01
2.310000e-01 3.763878e-01 3.775767e-01
2.278000e-01 3.625161e-01 3.845692e-01
2.244000e-01 3.413044e-01 3.916118e-01
2.208000e-01 3.543283e-01 3.987035e-01
2.170000e-01 3.278012e-01 4.058427e-01
2.130000e-01 3.194493e-01 4.130275e-01
2.088000e-01 2.886877e-01 4.202551e-01
2.044000e-01 2.971710e-01 4.275225e-01
1.998000e-01 2.878351e-01 4.348262e-01
1.950000e-01 2.721212e-01 4.421623e-01
1.900000e-01 2.494719e-01 4.495265e-01
1.848000e-01 2.553359e-01 4.569143e-01
1.794000e-01 2.422022e-01 4.643208e-01
1.738000e-01 2.271187e-01 4.717410e-01
1.680000e-01 2.148272e-01 4.791696e-01
1.620000e-01 2.069670e-01 4.866010e-01
1.558000e-01 1.869630e-01 4.940296e-01
1.494000e-01 1.659586e-01 5.014492e-01
1.428000e-01 1.656148e-01 5.088537e-01
1.360000e-01 1.520383e-01 5.162361e-01
1.290000e-01 1.432532e-01 5.235889e-01
1.218000e-01 1.318181e-01 5.309038e-01
1.144000e-01 1.310578e-01 5.381710e-01
1.068000e-01 1.136712e-01 5.453790e-01
9.900000e-02 1.083597e-01 5.525133e-01
9.100000e-02 9.310495e-02 5.595555e-01
8.280000e-02 8.434319e-02 5.664812e-01
7.440000e-02 7.464821e-02 5.732570e-01
6.580000e-02 6.580000e-02 5.798356e-01
5.700000e-02 5.700000e-02 5.861474e-01
4.800000e-02 4.807611e-02 5.920846e-01
3.880000e-02 3.880000e-02 5.974699e-01
2.940000e-02 2.940000e-02 6.019826e-01
1.980000e-02 1.980000e-02 6.049448e-01
1.000000e-02 1.000000e-02 6.044493e-01
