1.000000e-02 1.543362e-05 1.606415e-05
1.980000e-02 7.781693e-04 7.640150e-04
2.940000e-02 1.153240e-03 1.140353e-03
3.880000e-02 1.558246e-03 1.535564e-03
4.800000e-02 1.783750e-03 1.780519e-03
5.700000e-02 2.123977e-03 2.102212e-03
6.580000e-02 2.530068e-03 2.488997e-03
7.440000e-02 2.795318e-03 2.777928e-03
8.280000e-02 3.132822e-03 3.098668e-03
9.100000e-02 3.120527e-03 3.175580e-03
9.900000e-02 3.785234e-03 3.664332e-03
1.068000e-01 4.410055e-03 4.251471e-03
1.144000e-01 3.333708e-03 3.716592e-03
1.218000e-01 4.293703e-03 4.127673e-03
1.290000e-01 4.910277e-03 4.726462e-03
1.360000e-01 5.108410e-03 5.072821e-03
1.428000e-01 4.712605e-03 4.940245e-03
1.494000e-01 4.635783e-03 4.791538e-03
1.558000e-01 5.450324e-03 5.243760e-03
1.620000e-01 6.412495e-03 6.025653e-03
1.680000e-01 5.113968e-03 5.674945e-03
1.738000e-01 5.209849e-03 5.398685e-03
1.794000e-01 7.788701e-03 6.732330e-03
1.848000e-01 4.671075e-03 5.920279e-03
1.900000e-01 8.637321e-03 7.215700e-03
1.950000e-01 6.029049e-03 7.006928e-03
1.998000e-01 5.562863e-03 6.193539e-03
2.044000e-01 5.589034e-03 5.816559e-03
2.088000e-01 9.535777e-03 7.685470e-03
2.130000e-01 3.769550e-03 6.135899e-03
2.170000e-01 6.885479e-03 6.290157e-03
2.208000e-01 9.943484e-03 8.158312e-03
2.244000e-01 5.704309e-03 7.521900e-03
2.278000e-01 8.596750e-03 7.837272e-03
2.310000e-01 6.126557e-03 7.224854e-03
2.340000e-01 8.940912e-03 7.936402e-03
2.368000e-01 6.101904e-03 7.364289e-03
2.394000e-01 9.807352e-03 8.357621e-03
2.418000e-01 6.022636e-03 7.681243e-03
2.440000e-01 9.697415e-03 8.406901e-03
2.460000e-01 5.860096e-03 7.562997e-03
2.478000e-01 1.120875e-02 8.935374e-03
2.494000e-01 5.427772e-03 7.945708e-03
2.508000e-01 7.864064e-03 7.613582e-03
2.520000e-01 8.709618e-03 8.198426e-03
2.530000e-01 9.377479e-03 8.920077e-03
2.538000e-01 8.357450e-03 8.926119e-03
2.544000e-01 1.094301e-02 9.727088e-03
2.548000e-01 2.530262e-03 6.642745e-03
2.550000e-01 7.440716e-03 6.520503e-03
2.550000e-01 8.775910e-03 7.808047e-03
2.548000e-01 1.206954e-02 9.814533e-03
2.544000e-01 7.215923e-03 9.475828e-03
2.538000e-01 9.171819e-03 9.112392e-03
2.530000e-01 8.287012e-03 8.809955e-03
2.520000e-01 8.596287e-03 8.714810e-03
2.508000e-01 5.586092e-03 7.309097e-03
2.494000e-01 6.033210e-03 6.424523e-03
2.478000e-01 9.331505e-03 7.801140e-03
2.460000e-01 6.461264e-03 7.605787e-03
2.440000e-01 1.290544e-02 9.662640e-03
2.418000e-01 6.094411e-03 9.044832e-03
2.394000e-01 8.007630e-03 8.256558e-03
2.368000e-01 4.374138e-03 6.235371e-03
2.340000e-01 8.067783e-03 6.952269e-03
2.310000e-01 1.288266e-02 9.636556e-03
2.278000e-01 5.824371e-03 8.988837e-03
2.244000e-01 6.140817e-03 7.269413e-03
2.208000e-01 4.533261e-03 5.550171e-03
2.170000e-01 1.163564e-02 8.313911e-03
2.130000e-01 6.368725e-03 8.282316e-03
2.088000e-01 6.060379e-03 7.051098e-03
2.044000e-01 1.014797e-02 8.298797e-03
1.998000e-01 1.385533e-03 4.964921e-03
1.950000e-01 1.050814e-02 7.465793e-03
1.900000e-01 8.441850e-03 8.593883e-03
1.848000e-01 6.249108e-03 7.717177e-03
1.794000e-01 5.032557e-03 6.114412e-03
1.738000e-01 3.487547e-03 4.365375e-03
1.680000e-01 8.530202e-03 6.632577e-03
1.620000e-01 5.437409e-03 6.472936e-03
1.558000e-01 4.807668e-03 5.482522e-03
1.494000e-01 5.624805e-03 5.515292e-03
1.428000e-01 7.182130e-03 6.499927e-03
1.360000e-01 2.733561e-03 4.453480e-03
1.290000e-01 3.866256e-03 3.909941e-03
1.218000e-01 6.996285e-03 5.817953e-03
1.144000e-01 3.966833e-03 5.035844e-03
1.068000e-01 6.472920e-03 5.793103e-03
9.900000e-02 3.627744e-03 4.645491e-03
9.100000e-02 1.838612e-03 2.560524e-03
8.280000e-02 6.063446e-03 4.913235e-03
7.440000e-02 3.031071e-03 3.953276e-03
6.580000e-02 1.701279e-03 2.207865e-03
5.700000e-02 4.300400e-03 3.757581e-03
4.800000e-02 3.887671e-03 3.994935e-03
3.880000e-02 4.196248e-03 4.201069e-03
2.940000e-02 7.931129e-03 6.422329e-03
1.980000e-02 1.260205e-02 9.367264e-03
1.000000e-02 1.000000e-02 1.039032e-02
